-2.535646326454200334e+03 5.767349741617670134e+02 -1.007458020125084090e+03 6.870836783743709475e+02 1.417464413516882757e+02
-2.430762024637994273e+03 1.059218609522993802e+03 -9.181532437954294892e+02 4.890182610914123416e+02 2.781391598975055217e+02
-2.071323921036369939e+03 1.385894121223859429e+03 -1.013355978717103540e+03 4.985815270393895275e+02 -3.017282084007882403e+01
-2.152206652347118506e+03 1.306488406259874637e+03 -9.548432456906664356e+02 2.225059445138116985e+02 -3.349518649729434117e+01
-2.465500750768144826e+03 7.632583715365130956e+02 8.660670766290490974e+01 -8.640365943018061046e+01 9.451097890575099427e+02
-2.262865453113644890e+03 5.460850539526383045e+02 4.780869144291073667e+02 -9.709508270731514301e+01 6.276730627540856489e+01
-1.800695158098801812e+03 -1.034548286384632263e+02 4.199748437220281261e+01 -1.785728298170654398e+02 -3.237406793644427694e+02
-1.861189211996508448e+03 7.313604968641545838e+02 -4.774583505841346209e+02 4.426976554344858528e+01 8.844579928310815831e+01
-2.399693243022607930e+03 8.810950072522138043e+02 4.535148033228621784e+02 -3.408191888007215766e+02 -6.661541603112289067e+02
-2.547559993736667366e+03 1.175944935831234716e+03 4.181645112167402090e+01 -8.193328589642327415e+02 -7.100594294736126812e+02
-1.328629051295617501e+03 2.362597398631823467e+02 2.201892300696060545e+02 -7.491033307989254126e+02 -2.321731409139165407e+02
-1.531006067369704624e+03 4.121082079925364496e+02 2.270467712123395927e+02 4.548181960078279076e+02 -6.544906381270912732e+01
-1.965894636800894887e+03 6.495958069156637293e+01 4.311746724995704767e+02 4.875923573775468753e+02 -1.047124750765477046e+02
-1.686854507385661236e+03 1.916161906279213269e+02 -3.499981006716883485e+02 5.414404747878796798e+02 2.388709232857486029e+02
-1.777981353412383669e+03 -2.089833690566657083e+02 -5.760952715038465612e+02 -5.177809227802069358e+01 -5.486872368364793147e+02
-1.526313941219000071e+03 -6.066183229307816873e+02 -7.075214796580190750e+02 1.422731656472513464e+02 -9.029547514563148525e+01
-1.608840809072790989e+03 -5.757865398452554473e+02 -7.933373607184689718e+02 1.587980389020333973e+02 -3.098840490268946155e+02
-2.384400147316946459e+03 5.787380254815582248e+02 6.495541300234938831e+01 2.000659728417931547e+02 1.427233490971835863e+02
-2.219600443990013446e+03 1.940413920505051806e+02 -5.010000591244925658e+02 -3.154266647578311336e+02 -1.216867880353886022e+02
-2.209611118865046592e+03 5.213158861522399548e+02 -2.605761119567087576e+02 -1.825657052757562440e+02 -1.434983420415082946e+02
-1.594063229699718477e+03 3.758916717365125919e+02 -4.247153985332842581e+02 5.606040803614686183e+02 -1.084769335682049416e+02
-1.642606005629549372e+03 4.889118887709965975e+02 -1.707698298782977417e+02 1.942474816032350589e+02 -6.853385978653296888e+02
-1.647296974358646821e+03 5.748840505771128164e+02 -3.906393475292595099e+02 8.930797443523063350e+01 -9.066519737646980275e+02
-1.621061192129447363e+03 3.496311674715144022e+02 2.286110749990654156e+01 8.984595876583593963e+02 -4.335101681436240710e+02
-1.718884464010796592e+03 -5.504697075316469181e+02 -8.884007926396587891e+02 2.620449532071600629e+02 -5.346317809775633805e+02
-1.969323260272395828e+03 -1.410807832699791788e+02 -4.303618162837285581e+02 1.259779327365172179e+02 -1.014013756555804235e+02
-1.993947944229964833e+03 -1.417738208920264640e+02 -3.894635313020517060e+02 1.023296252247022409e+02 -1.031757271750699516e+02
-2.343179301794969888e+03 3.136453699136274054e+02 -1.567657163819790753e+02 -3.716732398178876906e+01 4.637731298270976055e+01
-2.133779372855487964e+03 1.842437553830525985e+03 -5.877142050726162097e+02 6.660462755440213414e+02 -1.580023988065784124e+02
-2.037427521963038998e+03 1.812937866785806818e+03 -7.713873765942315686e+02 7.207331695146759785e+02 -9.021627715830410921e+01
-2.362455198729525364e+03 3.153973297949039178e+01 -1.077943883240515675e+02 -2.522811464964169659e+02 -3.488687502470133381e+02
-1.995096656471380584e+03 -5.811645080378081474e+01 -4.911505155379648357e+01 1.614196947425697317e+02 -6.153872660473848555e+02
-1.860541126561197188e+03 8.154251815262877301e+01 -2.674738087373714279e+02 3.283804824896993182e+02 -3.283668634415771521e+02
-1.981495734860848870e+03 9.216792133360461037e+01 -1.188681917902131033e+02 1.435241910736657474e+02 -3.313396995470751563e+02
-2.300095544235239231e+03 8.316546324517415201e+01 -1.085248873079584229e+02 -2.822945616368444348e+02 -4.142820159911402129e+02
-2.099547744909511493e+03 1.405560295678937564e+03 -8.228473665351497175e+02 3.151131007768775589e+02 1.591052542352819330e+02
-2.131435614355535563e+03 1.416014367225069464e+03 -9.554272967302352981e+02 3.858057583172357567e+02 1.214788845302666260e+02
-1.935708667991310222e+03 1.732329537565153714e+03 -4.789634618150686265e+02 4.926685045979345432e+02 -2.940490070135052179e+02
-2.661199863476624614e+03 -3.816148667561539582e+02 -3.576392964302796145e+02 8.478932591051051304e+02 7.611303164951403915e+02
-3.868054646753601901e+03 -3.199278489987685816e+02 1.069924617308816721e+02 1.170178671254834171e+03 2.416236327263701469e+02
-3.879976326586394407e+03 -3.255379215979751280e+02 1.014421738616374995e+02 1.172073933627038969e+03 2.401710151718890529e+02
-3.871973171850426752e+03 -3.098117759084968270e+02 1.133364306914928221e+02 1.159942432240647804e+03 2.363438669396816181e+02
-3.217851170793107485e+03 6.073228497524464728e+02 7.752489352836785201e+02 1.169168005829728600e+03 -5.277375280346332147e+02
-3.162461243304809159e+03 7.165022947524711299e+02 7.073424450232947720e+02 1.152375599784200631e+03 -6.291817093884570795e+02
-4.490256521788111968e+03 -6.928735804352439409e-01 -5.100243648577534259e+02 5.204078151375239258e+02 -2.993746734835592065e+02
-4.287654942371616926e+03 -1.155612793963919493e+01 -4.694435072459330627e+02 4.177421987704772732e+02 -3.197722121607603185e+02
-4.464427413841207454e+03 1.353881745490296566e+02 -3.139646309975060490e+02 2.915070099139521176e+02 -3.698917191067245653e+02
-4.467494052987756731e+03 3.219286403333867383e+02 -7.536425124991995972e+01 -1.400364260646189791e+02 -3.585610769079606257e+02
-4.509074727509435434e+03 1.937681872689879299e+02 -4.030362778758757827e+02 1.302158995561009078e+02 -6.643337825164620654e+02
-4.389472732098483903e+03 2.700315201098937905e+02 -2.973952977249002743e+02 7.267816962708610617e+01 9.164985962298487721e+01
-3.990311226134642766e+03 5.738732026066248864e+02 -3.561272344947236661e+02 2.271725644180153836e+02 -5.927759801213989022e+02
-3.937973861549222420e+03 2.249038180970401015e+02 -8.591320809898755897e+02 -4.843401764550173425e+02 1.339991748783650927e+01
-4.178398359127709227e+03 1.209408202973188224e+02 -7.497449290608861929e+02 4.948456678747076012e+02 -6.070850300132257189e+02
-3.838099753293896356e+03 7.179774573469235293e+02 -4.267540330816640903e+02 3.790126963872164367e+01 2.244080950577300371e+02
-3.788316992709792885e+03 7.599200110008209776e+02 -1.998707045886782225e+02 -7.125308750002274394e+01 -1.339158955541956288e+02
-3.344408459305751876e+03 6.521023987138595430e+02 8.689447844756116979e+00 3.393822668917925398e+02 -7.254065046802634242e+02
-3.932248954955671707e+03 2.611906392432870803e+02 -4.258275386627058765e+02 4.000756020180764949e+01 -7.351101337203496087e+02
-3.708156320326917466e+03 2.416013963267070608e+02 1.285870615876045804e+02 -1.252224907435311430e+01 4.873764237831209130e+02
-3.669519580729284371e+03 2.717326710040147191e+02 3.169118204106532630e+02 1.889234551712270047e+02 4.295923625944171249e+02
-5.070238635391164280e+03 5.892501268526201557e+02 -4.429656656521140690e+02 3.575558937404128415e+02 -5.727203780439107277e+02
-4.931653902951031341e+03 5.643391336289486162e+02 -3.404481203518434995e+02 2.758512344821158990e+02 -5.576639402623616206e+02
-4.204379235150582645e+03 5.580334083409956065e+02 -1.842378309551249771e+01 -1.113173780049016273e+02 -8.927839040986644932e+02
-4.667592199844340030e+03 5.394033285186909552e+02 -1.903567335874430171e+02 5.679656825768940962e+02 -4.261880655817997194e+02
-4.698754630869906578e+03 3.360804370886888819e+02 -3.325433728458378937e+02 4.843118737127762188e+02 3.173276583264919637e+01
-4.388427866074988742e+03 5.206066523297827189e+02 -2.889426908757904471e+02 -2.466483822388548788e+02 3.958167369296421043e+02
-4.311365286402282436e+03 5.753581164659960905e+02 -1.699568342071938787e+02 -2.237001721797782636e+02 4.253757445611846606e+02
-4.256567323051109270e+03 7.348195075299662449e+02 -3.077302358261121640e+02 -3.824854052124612735e+02 -2.345762044577859839e+01
-4.101751035330677041e+03 8.716778732771672367e+02 -1.407252893614410425e+02 -5.008807565883581105e+02 3.009585610837200988e+02
-4.034691881704965908e+03 8.717416761140635799e+02 3.792993792348484590e+02 -1.772790041776292469e+02 -3.199193111099795601e+02
-3.755227048847048536e+03 1.209890116273071726e+03 -4.451103527629415453e+02 7.797947439116134660e+01 -6.866570724712225626e+01
-3.794845463335518161e+03 1.193380689441494724e+03 -4.823419307812883972e+02 8.418979868919223009e+01 -4.570977025578323349e+01
-3.708399104212095153e+03 1.226060136763208675e+03 3.850068424901217412e+01 7.784740332457216709e+02 -3.627280817110987527e+02
-4.051038548617580545e+03 3.656061832200659296e+02 4.351817994646815464e+02 4.963503103382206660e+01 -2.513818024623074621e+02
-3.991425450385183467e+03 3.704312161815292370e+02 3.526791307995992497e+02 -1.138001207627375067e+02 -1.850735101920665784e+02
-4.388671850129891027e+03 1.067107586228890028e+02 -6.606104533887394155e+02 5.378823639438177224e+02 -3.200548259573080827e+02
-3.753845321430035710e+03 4.662031983131170705e+02 8.059049607657189540e+01 3.431283524624252550e+02 4.317716307664707074e+02
-3.417269179549427463e+03 7.768711339851897719e+02 2.122291075137375174e+02 -4.383339386790216281e+02 4.298109198095320380e+02
-3.097936630033114398e+03 1.481854904476114143e+03 8.247539716866749870e+01 9.097433468301584298e+02 -6.253863576964089361e+02
-4.177197474215196053e+03 7.834104352083747926e+02 1.542353590942695405e+02 1.971467204585633510e+02 2.257241143648918147e+00
-4.119245263350218011e+03 6.535088835197495882e+02 1.415061229516883259e+02 2.139556039996554091e+02 4.421191450823912561e+01
-4.006237187647646351e+03 8.127448146364896502e+02 1.232223153023937812e+02 1.776274500465414690e+02 3.853123817389800365e+01
-3.703096013900561502e+03 1.142519128204309936e+03 8.794391916528986997e+01 8.159740131371055440e+02 -3.916990254001386234e+02
-3.934553819937494154e+03 3.228957552790600971e+02 -1.629895985459091605e+02 -6.553588151486878814e+02 -3.514816405639660388e+02
-3.297534898144106592e+03 1.272886892096724750e+03 -4.228483699871628687e+02 -1.459050863364470274e+02 -2.253646245771499537e+02
-4.245668082645244795e+03 3.842506897808185045e+02 -7.388923565994781484e+01 4.547550169396711794e+02 -4.403503544068080942e+02
-4.048418403813373970e+03 8.058624160236394118e+02 -1.686347605965427192e+02 -2.354382589882883181e+01 1.852820467727752032e+02
-3.779631210620562797e+03 9.267669274457248321e+02 1.114011002591552426e+02 9.351751493725073772e+01 -6.605488073782863694e+02
-4.598015889527644504e+03 4.896032149603637151e+01 -5.283421971062775810e+02 -8.224216550222189426e+01 1.653009675809635155e+02
-4.953955063644273650e+03 7.227903159638051989e+01 -1.870121478549795711e+03 1.914232356026024036e+02 -2.997719233849003331e+02
-4.862303585058206409e+03 2.411063578675582448e+02 -1.825375985301010587e+03 2.532743185179026284e+02 -4.572997625044387178e+02
