6.449649548880812544e-01 3.550350451119188566e-01
5.163403899093531590e-01 4.836596100906467854e-01
1.154628968186020010e-01 8.845371031813981100e-01
7.698286836813236222e-01 2.301713163186764055e-01
2.762252026574011921e-01 7.237747973425989745e-01
9.717411412533047965e-01 2.825885874669527287e-02
8.323268692215577413e-01 1.676731307784423142e-01
3.848515842745215516e-06 9.999961514841572141e-01
1.544027168002078447e-06 9.999984559728319899e-01
2.170379077104000634e-06 9.999978296209228734e-01
1.238948612893050667e-08 9.999999876105137853e-01
2.708988125399062276e-08 9.999999729101186619e-01
1.460000678360012847e-06 9.999985399993216451e-01
5.051369797836556368e-03 9.949486302021633977e-01
4.107331824923527580e-02 9.589266817507645646e-01
1.031055286380608976e-02 9.896894471361941115e-01
5.154708246265388843e-02 9.484529175373459520e-01
2.727815144192037231e-02 9.727218485580796381e-01
3.318200462284964791e-02 9.668179953771502966e-01
3.512723271860938579e-01 6.487276728139060866e-01
4.436085581079459578e-02 9.556391441892053695e-01
8.309021114950125575e-02 9.169097888504985638e-01
6.279492922924212461e-01 3.720507077075789204e-01
3.909789530838796989e-01 6.090210469161204676e-01
1.692334161252725955e-02 9.830766583874726017e-01
9.074159206742636874e-01 9.258407932573642363e-02
6.539230013714799596e-07 9.999993460769986964e-01
6.265482663815194822e-03 9.937345173361847861e-01
2.295693808909069628e-02 9.770430619109092829e-01
1.324884288688550626e-02 9.867511571131143411e-01
5.050051595564903851e-08 9.999999494994841198e-01
1.055198196968419644e-06 9.999989448018030691e-01
1.207628377700598918e-05 9.999879237162230261e-01
5.010118412308360233e-03 9.949898815876916380e-01
5.920580771414897812e-08 9.999999407941922991e-01
1.449830540704765882e-07 9.999998550169458822e-01
2.355382097962582901e-07 9.999997644617902859e-01
1.041259563839328916e-07 9.999998958740436983e-01
4.169206279688362762e-06 9.999958307937203417e-01
2.755271361039260707e-06 9.999972447286389343e-01
1.308770618470189687e-06 9.999986912293814534e-01
9.701615351793697710e-07 9.999990298384648924e-01
1.285576288293048564e-05 9.999871442371169872e-01
1.091671401297090310e-02 9.890832859870291038e-01
5.324742343896033050e-12 9.999999999946752594e-01
3.786190139471477533e-10 9.999999996213809750e-01
6.411909314852318519e-07 9.999993588090685392e-01
1.457231895572227154e-01 8.542768104427772569e-01
1.789718793666799242e-06 9.999982102812063900e-01
1.718830154485951056e-01 8.281169845514048111e-01
9.153578271119539034e-03 9.908464217288804887e-01
9.835674610304913079e-01 1.643253896950860535e-02
9.680298215138840590e-01 3.197017848611605206e-02
2.411212609676867957e-01 7.588787390323132875e-01
9.516591266831740947e-01 4.834087331682581506e-02
4.427714303074634488e-06 9.999955722856969098e-01
8.732502278765749589e-07 9.999991267497720937e-01
3.532854338100496906e-06 9.999964671456619270e-01
8.486312718747614718e-07 9.999991513687280786e-01
9.717063163617444266e-01 2.829368363825570873e-02
5.432818381528334653e-06 9.999945671816183879e-01
2.581937343370105376e-06 9.999974180626566289e-01
9.691437633675811236e-01 3.085623663241892495e-02
9.270318767225380618e-01 7.296812327746206306e-02
1.805645956852237610e-01 8.194354043147763500e-01
1.177653901415108282e-05 9.999882234609858145e-01
3.710508554692871011e-03 9.962894914453070960e-01
1.183257242323262556e-02 9.881674275767673432e-01
2.576464053076283900e-01 7.423535946923718321e-01
9.065545804441242916e-01 9.344541955587545856e-02
9.398812160126059911e-01 6.011878398739396029e-02
9.997868375446978817e-01 2.131624553020868614e-04
9.925047797836442642e-01 7.495220216355833777e-03
9.889850536184195962e-01 1.101494638158043333e-02
8.959497517186522098e-01 1.040502482813479429e-01
5.331040954455802394e-01 4.668959045544196496e-01
7.515574198988859145e-01 2.484425801011139467e-01
6.428554125764327498e-01 3.571445874235672502e-01
2.541631165934766373e-02 9.745836883406525653e-01
4.289193663312315108e-01 5.710806336687684892e-01
9.954106962899339495e-01 4.589303710066105178e-03
9.894336080612079476e-01 1.056639193879211312e-02
9.993889750282153317e-01 6.110249717847487504e-04
9.947298621430032961e-01 5.270137856996661395e-03
9.986827745750994634e-01 1.317225424900609915e-03
9.977038959729893630e-01 2.296104027010547645e-03
9.233878889674780321e-01 7.661211103252212051e-02
9.996867526244426205e-01 3.132473755573529617e-04
8.759316811956618931e-01 1.240683188043379265e-01
7.281380247476941792e-01 2.718619752523057653e-01
9.931219935932880105e-01 6.878006406712077955e-03
9.413991598454221066e-01 5.860084015457787954e-02
9.852986190056665095e-01 1.470138099433337779e-02
9.110798045020550573e-01 8.892019549794505373e-02
1.048750167871976002e-01 8.951249832128024275e-01
9.480206657514997914e-01 5.197933424850013223e-02
9.815869889942436810e-01 1.841301100575648900e-02
3.291017985592805672e-01 6.708982014407193217e-01
9.733933220503359074e-01 2.660667794966406832e-02
8.329291747840154025e-01 1.670708252159845419e-01
4.127943488073086975e-01 5.872056511926911915e-01
5.959301623907599099e-01 4.040698376092401456e-01
2.588297676066348418e-01 7.411702323933651027e-01
9.996800579885377624e-01 3.199420114622360885e-04
9.471235396850270494e-01 5.287646031497308940e-02
9.996037806447809482e-01 3.962193552190311735e-04
9.933261708877968443e-01 6.673829112203282302e-03
9.998794811622393475e-01 1.205188377607127988e-04
9.999513931891327312e-01 4.860681086721254930e-05
9.591191451226991349e-01 4.088085487730091366e-02
9.130966972806155990e-01 8.690330271938458140e-02
9.495475286174772656e-01 5.045247138252279689e-02
8.898559255827722669e-01 1.101440744172277747e-01
9.879371607848500547e-01 1.206283921514984293e-02
6.287624294517029089e-01 3.712375705482970911e-01
2.755868238916105994e-01 7.244131761083895116e-01
9.978290635460995706e-01 2.170936453900507938e-03
9.997790316285584122e-01 2.209683714416262523e-04
9.997118480527316109e-01 2.881519472683360364e-04
9.530043955490092866e-01 4.699560445099067868e-02
9.334420838394053010e-01 6.655791616059457405e-02
2.982656963443845455e-01 7.017343036556156211e-01
