7.800720589902204738e-01 2.199279410097794984e-01
8.317496935920972723e-01 1.682503064079027832e-01
1.158453031754805851e-01 8.841546968245194149e-01
9.216818421405642558e-01 7.831815785943552211e-02
6.121283272341707660e-01 3.878716727658293451e-01
9.646268358630597506e-01 3.537316413694021472e-02
9.532898130870066655e-01 4.671018691299339692e-02
2.318760725058699457e-02 9.768123927494131165e-01
4.456911303109946654e-01 5.543088696890051681e-01
1.751999017744649764e-02 9.824800098225534573e-01
6.124352225685321567e-03 9.938756477743149187e-01
1.182856826219155603e-02 9.881714317378084145e-01
3.325500199766290646e-03 9.966744998002339262e-01
1.419365085552319779e-02 9.858063491444768456e-01
2.157017967284089593e-02 9.784298203271591943e-01
3.943653581022352889e-02 9.605634641897763393e-01
1.868403277078295108e-02 9.813159672292171010e-01
1.211533380528586994e-02 9.878846661947143781e-01
1.563267531816352196e-02 9.843673246818365197e-01
3.592755394353941423e-01 6.407244605646059687e-01
3.225386660723895127e-01 6.774613339276103208e-01
7.390745588554122891e-01 2.609254411445876554e-01
9.108482160509892012e-01 8.915178394901060455e-02
5.122189175213224255e-01 4.877810824786774635e-01
3.661488116846148833e-01 6.338511883153851167e-01
9.706494841726216460e-01 2.935051582737841294e-02
3.630278676406753328e-03 9.963697213235931383e-01
4.669741761458615602e-03 9.953302582385413766e-01
9.896267199818616772e-03 9.901037328001813798e-01
8.520891317766992462e-03 9.914791086822329902e-01
3.544810088234500584e-02 9.645518991176549317e-01
1.161598780758062166e-01 8.838401219241937001e-01
3.425862104169132526e-03 9.965741378958310470e-01
4.204433540664957725e-03 9.957955664593352019e-01
3.386794858331217128e-02 9.661320514166876761e-01
4.935140404410188683e-03 9.950648595955899900e-01
3.302568753381156588e-03 9.966974312466189145e-01
1.018280997619551431e-02 9.898171900238046383e-01
1.190022639282307428e-02 9.880997736071770454e-01
8.279727798085735266e-03 9.917202722019143879e-01
9.054975272988837962e-03 9.909450247270112921e-01
3.390857520765013736e-03 9.966091424792351550e-01
3.453167683205674802e-03 9.965468323167943065e-01
4.900616771942569588e-02 9.509938322805742139e-01
9.099534786084398363e-02 9.090046521391560441e-01
2.029112963825425997e-02 9.797088703617458094e-01
1.286597573069884516e-02 9.871340242693010802e-01
1.120683499256054649e-01 8.879316500743945628e-01
1.087002139599850363e-02 9.891299786040015363e-01
6.355990369762904990e-01 3.644009630237093345e-01
8.834465681073540300e-02 9.116553431892646664e-01
9.917448923267117022e-01 8.255107673288217957e-03
9.809944929923275492e-01 1.900550700767256532e-02
5.521781149332145588e-01 4.478218850667854967e-01
6.318155555527227296e-01 3.681844444472771594e-01
8.092713794981833131e-02 9.190728620501817936e-01
6.159174042756616896e-02 9.384082595724339004e-01
3.731897499046363254e-01 6.268102500953636191e-01
1.824830092324005240e-02 9.817516990767597429e-01
9.705681922095995562e-01 2.943180779040034320e-02
2.779770031340563774e-01 7.220229968659436226e-01
4.383776229080214581e-01 5.616223770919783753e-01
8.532912009019842925e-01 1.467087990980158740e-01
9.578888587031015867e-01 4.211114129689842722e-02
3.489336975403122265e-01 6.510663024596876625e-01
1.228705443479024134e-01 8.771294556520975449e-01
5.154286666009775392e-02 9.484571333399022253e-01
7.512353706309923829e-02 9.248764629369006229e-01
1.244388035082098914e-01 8.755611964917900947e-01
9.592267763527350111e-01 4.077322364726504444e-02
9.528307850109452026e-01 4.716921498905464472e-02
9.835923561275897731e-01 1.640764387241034489e-02
9.960568265281428690e-01 3.943173471857235914e-03
9.941232290572619146e-01 5.876770942738192109e-03
9.152895310021667008e-01 8.471046899783353512e-02
7.910963318135627587e-01 2.089036681864371303e-01
9.081952585854691229e-01 9.180474141453102976e-02
8.750408369457299829e-01 1.249591630542700171e-01
1.338487145863378504e-02 9.866151285413661265e-01
6.054679675789269577e-01 3.945320324210730978e-01
9.967357837549173372e-01 3.264216245082812891e-03
8.898487562342555224e-01 1.101512437657443388e-01
9.857775078219487286e-01 1.422249217805121417e-02
9.948937203404258911e-01 5.106279659574181756e-03
9.890456238800712230e-01 1.095437611992885682e-02
9.558675345797762457e-01 4.413246542022374735e-02
9.667467093606464390e-01 3.325329063935351936e-02
9.920875162565527816e-01 7.912483743447171550e-03
6.802097734665842887e-01 3.197902265334156557e-01
4.789483356683155724e-01 5.210516643316843721e-01
9.263965376691448705e-01 7.360346233085500456e-02
9.849882873849836740e-01 1.501171261501629134e-02
9.536180591906653348e-01 4.638194080933467911e-02
9.746245079704490832e-01 2.537549202955089248e-02
6.970857176335928385e-01 3.029142823664071060e-01
9.479919038801608577e-01 5.200809611983926023e-02
9.872324577594331352e-01 1.276754224056694635e-02
5.000000000000000000e-01 5.000000000000000000e-01
9.804952951034594522e-01 1.950470489654052703e-02
9.405687823254804680e-01 5.943121767451945564e-02
4.530067230883240148e-01 5.469932769116762072e-01
5.812959354759587027e-01 4.187040645240414083e-01
3.528183018216599631e-01 6.471816981783398148e-01
9.810506258158613324e-01 1.894937418413850452e-02
9.795800842058272062e-01 2.041991579417288746e-02
9.908156498257827405e-01 9.184350174217181459e-03
9.904501561159846368e-01 9.549843884015411788e-03
8.680925336902510780e-01 1.319074663097488942e-01
8.749226193193400114e-01 1.250773806806599608e-01
9.909796858228273608e-01 9.020314177172698150e-03
9.698508766388121982e-01 3.014912336118775321e-02
9.893012107717144010e-01 1.069878922828567704e-02
9.691979018889896880e-01 3.080209811101028081e-02
9.920185899028093335e-01 7.981410097190633560e-03
5.312778716084527453e-01 4.687221283915471437e-01
4.168442771989009366e-01 5.831557228010991745e-01
9.563000498262769211e-01 4.369995017372307888e-02
9.357928203836930470e-01 6.420717961630692527e-02
9.930832647318548201e-01 6.916735268145200732e-03
9.228746559800264926e-01 7.712534401997350741e-02
9.704087300079450307e-01 2.959126999205508729e-02
8.141483803171177813e-01 1.858516196828821354e-01
