8.008512863580354857e-01 1.991487136419643200e-01
8.619992888212364424e-01 1.380007111787635021e-01
7.587856318725359761e-02 9.241214368127463885e-01
9.416200144888730028e-01 5.837998551112696943e-02
6.269029649385819969e-01 3.730970350614178921e-01
9.800141660840471225e-01 1.998583391595283934e-02
9.855208903776028206e-01 1.447910962239730773e-02
2.389926848677187410e-02 9.761007315132279594e-01
6.273157140460715597e-01 3.726842859539284403e-01
1.106776019204838354e-02 9.889322398079517518e-01
3.199990700782084484e-03 9.968000092992180816e-01
8.047271670196443419e-03 9.919527283298034126e-01
6.437778525406259378e-06 9.999935622214745079e-01
7.582956957630140188e-03 9.924170430423698841e-01
1.235243829930189434e-02 9.876475617006981178e-01
2.761415399081858582e-02 9.723858460091813205e-01
1.072071941591019352e-02 9.892792805840898707e-01
5.257701129808156452e-03 9.947422988701917212e-01
8.185937266356775946e-03 9.918140627336432535e-01
3.072581613910184140e-01 6.927418386089815305e-01
3.253291855285833090e-01 6.746708144714168576e-01
8.124677746385088328e-01 1.875322253614910839e-01
9.404883694129364535e-01 5.951163058706360892e-02
6.120569700854024964e-01 3.879430299145975591e-01
4.100566903910588534e-01 5.899433096089412576e-01
9.840599509000018674e-01 1.594004909999822972e-02
6.655814267373121462e-06 9.999933441857326022e-01
1.201537463366083559e-05 9.999879846253664217e-01
4.724716127421260507e-03 9.952752838725787976e-01
3.248516228578920452e-03 9.967514837714210874e-01
2.550035742388278431e-02 9.744996425761172087e-01
1.449846900882027778e-01 8.550153099117971944e-01
6.009411783285441294e-06 9.999939905882166968e-01
7.264033981765637904e-06 9.999927359660182313e-01
3.077242378929877231e-02 9.692275762107011028e-01
1.530366599875136589e-05 9.999846963340012218e-01
5.615679564478588290e-06 9.999943843204355254e-01
5.375198589953418017e-03 9.946248014100464996e-01
6.748987507892329450e-03 9.932510124921074546e-01
3.939154148270270460e-03 9.960608458517297148e-01
4.799665990146253884e-03 9.952003340098536377e-01
5.436101507606013104e-06 9.999945638984923946e-01
5.691524775563881939e-06 9.999943084752244138e-01
3.434676319394921323e-02 9.656532368060508631e-01
1.046643763967537305e-01 8.953356236032464777e-01
1.536388953566001497e-02 9.846361104643398532e-01
9.144688828771119216e-03 9.908553111712287143e-01
6.565785507743003568e-02 9.343421449225698394e-01
5.933259683796946772e-03 9.940667403162030125e-01
7.192346070088820875e-01 2.807653929911180790e-01
6.938553618643751586e-02 9.306144638135626090e-01
9.957546352846653459e-01 4.245364715334750370e-03
9.913580605026666159e-01 8.641939497333253964e-03
5.850144352949087079e-01 4.149855647050914587e-01
7.400092086358989185e-01 2.599907913641009150e-01
7.237728165127685354e-02 9.276227183487231187e-01
5.356477530316414160e-02 9.464352246968358306e-01
4.679788012652721929e-01 5.320211987347278626e-01
1.175598644881896936e-02 9.882440135511811885e-01
9.826574063252113689e-01 1.734259367478853051e-02
3.839507449565927044e-01 6.160492550434071291e-01
5.539346686869681680e-01 4.460653313130318876e-01
9.115819748003319845e-01 8.841802519966780738e-02
9.693770809944867173e-01 3.062291900551333129e-02
3.507033779043525756e-01 6.492966220956474244e-01
1.227935619645591642e-01 8.772064380354408497e-01
6.492335630826397141e-02 9.350766436917361535e-01
8.127630752089058663e-02 9.187236924791093440e-01
1.448739600578054787e-01 8.551260399421944935e-01
9.873296094869600248e-01 1.267039051304000297e-02
9.859901749395513226e-01 1.400982506044854727e-02
9.919405818966218202e-01 8.059418103378152010e-03
9.984855687448483952e-01 1.514431255151532608e-03
9.967112631303507442e-01 3.288736869649429729e-03
9.519257826005991241e-01 4.807421739940082039e-02
8.168437924740196143e-01 1.831562075259801081e-01
9.276547382306945533e-01 7.234526176930521080e-02
9.093311992608588135e-01 9.066880073914138083e-02
7.358153312204844532e-03 9.926418466877952040e-01
7.474117835913971497e-01 2.525882164086030168e-01
9.986774362766918101e-01 1.322563723308230925e-03
9.578883575014106588e-01 4.211164249858929259e-02
9.929277523318652543e-01 7.072247668134867132e-03
9.981683791993363197e-01 1.831620800663636469e-03
9.942667896510165582e-01 5.733210348983516433e-03
9.826027276290797419e-01 1.739727237092037263e-02
9.848002806791433805e-01 1.519971932085673050e-02
9.961484796562232180e-01 3.851520343776652748e-03
7.928397341916495478e-01 2.071602658083504245e-01
6.174285639335354015e-01 3.825714360664643765e-01
9.550540381232266451e-01 4.494596187677327853e-02
9.940123220909879986e-01 5.987677909011981416e-03
9.872073681576933879e-01 1.279263184230654098e-02
9.893584536832232823e-01 1.064154631677680964e-02
7.665046180823194000e-01 2.334953819176808221e-01
9.626683503637092354e-01 3.733164963629083399e-02
9.952334949427561472e-01 4.766505057243875312e-03
6.161782328226902417e-01 3.838217671773098694e-01
9.890881851964442584e-01 1.091181480355568785e-02
9.549027689691266252e-01 4.509723103087324991e-02
3.827577518679086133e-01 6.172422481320914978e-01
6.337970558761651940e-01 3.662029441238348615e-01
3.030735466271613499e-01 6.969264533728385391e-01
9.912712272079812204e-01 8.728772792018944446e-03
9.896378848695139840e-01 1.036211513048600381e-02
9.957741326062978793e-01 4.225867393702038323e-03
9.947651795729776092e-01 5.234820427022523516e-03
9.282992056997269037e-01 7.170079430027295753e-02
9.312179433469424117e-01 6.878205665305754668e-02
9.952709772451863168e-01 4.729022754813611180e-03
9.779255487383201606e-01 2.207445126167980470e-02
9.947211008679448518e-01 5.278899132055093514e-03
9.814444132680725241e-01 1.855558673192745853e-02
9.955916907593669318e-01 4.408309240633136693e-03
6.281668170709177046e-01 3.718331829290822399e-01
3.730085034485866591e-01 6.269914965514133964e-01
9.808198326935251288e-01 1.918016730647493368e-02
9.733141504564544189e-01 2.668584954354557767e-02
9.967558806942413696e-01 3.244119305758604802e-03
9.536071334905864560e-01 4.639286650941347456e-02
9.813355144661718432e-01 1.866448553382810127e-02
8.583746665329708980e-01 1.416253334670292130e-01
