-7.459891859695704230e-01 4.237118204270424182e-01 -1.694696736488152666e-01 -2.137964957915589326e-01 8.194383873771082794e-01
-7.208050677612153345e-01 -1.856621285512800312e-01 7.861619325827925442e-01 -6.194840762355645625e-01 2.087334055676465905e+00
-9.149620931261904788e-01 -3.020656161457787592e-01 6.952881180764851621e-01 -1.490865745094441808e+00 -1.974122612596340420e-01
-8.434087618569620082e-01 2.583266549662858180e-01 -3.639344490435137414e-01 -7.860248362099900854e-01 7.804641055566623464e-01
-7.113082098938708908e-01 3.888458815719362804e-01 1.082859729453143016e+00 -5.717885684748799102e-01 9.678899647094358905e-01
-7.851494789170490041e-01 -1.979961957540393169e-01 2.606946467724323077e-02 -1.544015186049504385e+00 1.253436860633645455e+00
-1.183809619829052417e+00 1.294053513271951728e+00 8.621327361938639633e-02 2.397406286770164055e-02 3.187162566428619614e-01
-1.277711968719017044e+00 1.324031248332829591e+00 3.423991125192679119e-01 5.497768378233732767e-01 -1.418700218839221705e-01
-1.253434505379300123e+00 1.538369281116686249e+00 -2.067998259853404408e-01 6.357527207640695233e-01 8.891855797621253110e-01
-1.348046175458027296e+00 1.051780898685608756e+00 -7.348034161230959649e-01 -2.328022779089828631e-01 1.639828564722921322e-01
-1.317841665407936791e+00 8.561712245157745427e-01 -6.973008747704830812e-01 7.899215549077287513e-01 -1.070754152303036166e+00
-1.454918739819606843e+00 1.182369638587911220e+00 -4.279116385067440187e-01 9.365247538883776368e-01 -4.722059665514100613e-01
-1.315061282812204357e+00 5.949818636739299116e-01 -8.741418199852502013e-01 9.572780907300706410e-01 -8.962874293984922636e-01
-1.252866102292800043e+00 1.528973948960362095e-01 -2.486349708211287035e-01 1.375817646240637515e+00 -1.642886338874092855e+00
-1.008551433215302495e+00 5.687470294604801690e-01 -8.947912395094044860e-03 1.183528658532518874e+00 -1.807910776431210786e+00
-1.218550389003981493e+00 4.554008322979360285e-02 -2.153089230712160462e-01 1.374785971092592929e+00 -1.467785931088529283e+00
-1.054579954900814354e+00 7.305720254104113298e-01 -4.402551557904573754e-01 1.284036767734443862e-01 -7.184980363447934781e-02
-1.126646286595528901e+00 3.229043360327715217e-01 5.098179296149207146e-02 3.699074090407983295e-01 9.394706857944221667e-01
-1.118046009150879039e+00 1.126329500791066973e+00 -4.196125534367378118e-01 8.785417035212481074e-02 -5.330320283706103668e-01
-1.159636863124297035e+00 9.048841598808877729e-01 -3.293214432051121410e-01 -4.246526282396688723e-01 5.954951614534288451e-01
-1.142127548588789399e+00 1.518640676729573924e+00 -4.739559076041909846e-01 -5.433245092452959613e-01 4.774356793778249397e-01
-1.049486778355076755e+00 9.310886880630439011e-01 -1.737907984207141543e-01 -5.596202849000964097e-01 5.374796040157069354e-01
-9.587017618214120906e-01 1.872419031291771896e+00 7.019343589070470291e-01 -8.521550811359565047e-01 8.115367132705064712e-01
-9.021741744597803203e-01 4.639850132033490615e-01 6.126439088367200414e-01 -8.045158716065103910e-01 1.294564545749351536e+00
-1.069806460690154948e+00 6.105196109984599717e-01 -1.562682120073348446e-01 -7.944987150005540233e-01 -3.592197084905846341e-03
-9.292071952445786209e-01 9.940374134954136354e-01 1.310533121074832330e+00 -7.314865990299256326e-01 5.727640725675394728e-01
-1.147769643450233801e+00 -2.052132270757752730e-01 -2.528467178278732685e-01 8.517253019553532312e-01 -7.066388907341895065e-01
-1.199147775181299558e+00 9.766303601941271895e-01 -1.274742094218260346e+00 4.116676318399355994e-01 -1.106913236025556246e+00
-1.067001660909214777e+00 7.016444434222153248e-01 -1.208236216532615037e+00 -1.220149618051556556e-01 2.687823236286361328e-01
-1.064684419940861604e+00 -3.734932957216823279e-01 -1.118684797872001147e+00 -2.900000625697642942e-01 -1.649870060268398830e-01
-8.023315369409368403e-01 -2.286662101487783705e+00 -2.450371434778352286e-01 1.110602074885307378e+00 -1.874112423188464271e-01
-1.032858275990687025e+00 -4.267770525302717610e-01 -1.028929541852969809e+00 1.204199403595597184e+00 -7.257828308695075670e-01
-1.186896515388189632e+00 2.142650467706051498e-01 -1.661614311848334524e-01 5.523189004011743730e-01 -7.310001905245295806e-01
-1.059307992873643078e+00 5.240507773989607765e-01 2.052806542849517357e-01 9.280390893985520639e-01 -8.085027005991715088e-01
-2.730341317673478096e-01 -1.668709204928407130e+00 5.891621801763378442e-03 -8.950698017647267246e-01 -9.142042931317533039e-02
-1.540928315045721197e-01 -1.950900414654422654e+00 5.240269394182768270e-01 -8.578982184384899290e-02 -1.435274833442965026e+00
-1.885235566340385527e-01 -1.924003483181070839e+00 5.576069717661764902e-02 -7.956336347931672881e-01 -1.412930326321299335e+00
-5.886148028906273977e-01 -9.226893583772529661e-01 3.422776036457353954e-01 -8.231288260727038786e-01 2.561773671579438805e+00
-3.111207579418445168e-01 -3.655149577439558151e+00 -2.353859038063356168e-01 1.649216056335074621e+00 -1.078208656678121047e+00
-1.136619145423020338e+00 -2.510884252631019956e-02 5.580104012959871129e-01 6.230161117255975656e-01 -1.727409420087386849e-01
-4.204300009272814442e-01 -1.214943950601124811e+00 -1.385224649120550267e-01 8.396641151573848161e-01 1.607466977001148045e+00
-6.459360161549052570e-01 -8.732314505893378209e-01 1.812550044860609333e+00 -1.627616527252236045e+00 2.750121821283912360e-01
-3.273228434498687278e-01 -6.285556642709700936e-01 8.300198147993609332e-01 3.696195658667201789e-01 -4.159380992160277568e-01
-6.328681655150115715e-01 -3.735265642214530279e-01 2.713772075665000227e-01 -1.000924339655729689e+00 -3.756915508764704231e-02
-1.481417972707028130e-01 -2.291917386591131311e+00 1.171622416308433223e+00 -1.852996374325518447e+00 6.005551100306228962e-01
-2.489724013295293581e-01 -3.183812726279294125e+00 1.949131301900885738e-01 1.346473721359626063e+00 -1.033049515094900395e+00
8.076821268617598304e-02 -1.880228062517370180e+00 8.926850722893394652e-01 -1.349526393227040044e+00 3.730794649435269505e-01
-4.177557911205336816e-01 -1.831185647649377080e+00 -3.036472759020115153e-01 2.471524815740475667e-01 9.810856028932957162e-01
-4.702149715227529336e-01 -1.911376167310232743e+00 1.041056987129713451e-01 3.300198185118366490e-01 2.000196878652499566e-01
-6.834289559290475102e-01 -1.099046833866589745e+00 -1.114172538864647947e-02 6.692268674543649931e-01 2.706224660614095501e-01
-5.255092164508183838e-01 -1.994552431676559712e+00 7.312821503528001976e-01 1.530132100752858437e-01 5.651577056003089794e-01
-1.013102276354073350e+00 -1.660924565207584913e-01 1.024055094680973665e+00 2.849713054526120670e-01 -1.440592329822771023e-01
-3.489742478487468103e-01 -4.299203618879441323e-03 1.286442275450209394e+00 -2.902433200078104569e+00 7.529188128806327818e-01
-1.466582693462151893e-02 -5.533362942624625580e-01 6.910323283537230799e-01 -1.543544447425960087e+00 2.678061379729234637e-01
9.852889362283352437e-01 -4.149084758748630697e-01 -2.013436148176109164e+00 -1.041922567020365786e+00 -8.888069387849046876e-01
9.869175186402927569e-01 -1.713860590486499247e-01 -8.867712087393416764e-01 9.065043910325204513e-01 1.414003902622924108e-02
1.009495794155160997e+00 -1.102728363607149709e-01 -1.912098846269952412e+00 -1.704693109285568386e+00 -9.968202986708998292e-01
9.699420473708662005e-01 -4.303974106117402498e-01 -2.160496819087188047e+00 1.331976943485036202e-01 -1.846757414929419971e-01
9.501739015449442993e-01 -9.323129616252739948e-02 -8.107637420945527085e-01 8.008912692265652833e-01 -9.417675087838306425e-01
1.014357289695696052e+00 -1.767737433595029106e-01 -2.428839593576427092e+00 -8.846782261468361108e-01 -4.416709826863004507e-01
1.084246746572050890e+00 7.346185752255492141e-02 -2.565593988493904742e+00 -5.757261216349298660e-01 3.663545245489147617e-01
1.022868814469593657e+00 -2.151490408771385837e-02 -1.707569407028989961e+00 2.199088292689539148e-01 7.533481888243291902e-01
1.034606269203107720e+00 1.939205694954567183e-01 -3.032289226161369644e+00 -7.114891870033057675e-01 -2.079853134131113834e-01
1.015655292001377275e+00 -1.568094825086161492e-01 -1.863635959221416449e+00 -4.631817507847331150e-01 6.422004333696773593e-01
9.789745178304020135e-01 1.089171981110810816e-01 -1.405051015764734235e+00 -6.920514828319874745e-01 -3.655251916878241719e-02
1.121561792255576728e+00 2.871577580280248454e-01 -1.050503953998673579e+00 -1.864134576754279404e+00 -1.212931802387059665e+00
1.122973890528287333e+00 9.647472484296152478e-03 -1.227257901599127399e+00 -5.325380720775124699e-01 3.145454860959130960e-01
1.091117733202920936e+00 1.443379096146261142e-01 7.347035172972758710e-02 -1.698597835183568439e-02 -2.323827686791286873e-01
1.106653181669747132e+00 3.943837356161332686e-01 1.305965543705683019e-01 -6.497396976413998271e-01 -6.741092907800977363e-01
1.213836897888573407e+00 1.541277546469715931e-01 -2.153972324965552632e-01 -1.541618876264231816e-02 7.238764240864886679e-01
1.198209256384728860e+00 4.909538556710510981e-01 5.793305611339303329e-01 1.653286427903941203e+00 -1.707386703105955028e-02
1.231939114083247633e+00 6.039364863705993791e-01 1.171871371871264778e+00 2.442107348404075839e+00 1.185187149579633448e-01
1.148425119411315531e+00 6.054090335111246279e-01 9.906630764209211140e-03 9.975547372051455364e-01 1.083428034430305775e+00
1.239067990902118277e+00 6.960999019113642827e-01 6.528007657185572743e-01 1.056978130754201162e-01 7.441670797536989457e-02
1.256867814285036244e+00 3.386952702457416420e-01 -2.214961754720185805e-01 7.880841430513239043e-01 8.794630923742251527e-01
1.220002279846567506e+00 2.927052480878648555e-01 9.392402307707624631e-01 2.867772546398301703e+00 2.206040280424156119e+00
1.213591833678973275e+00 -2.569858447908132670e-01 -2.189830911292861837e-01 1.227287369811399076e+00 1.592741683851496948e+00
1.148940311670932468e+00 1.172403527704158760e-01 -3.005539308897194894e-01 1.090740179682064825e+00 2.703697543533234882e+00
1.196185688520605916e+00 5.278726588665195313e-02 -3.086298044469744650e-01 1.241893088356790242e+00 2.236217640617495395e+00
1.113571738136914346e+00 1.549202380808669399e-01 1.009471735654004831e+00 7.879539230558331164e-01 9.697143291437654300e-01
1.077938669221228274e+00 -3.706579843489779535e-02 4.750498402699527278e-01 1.064190809198436893e+00 1.741747027063667685e+00
1.102653083346990970e+00 4.291546974358316224e-01 -9.616820924309699842e-03 -8.050645278409152006e-01 2.380037786007902223e-01
1.187825130759101233e+00 9.940873234720353224e-01 7.880136086706602816e-01 -4.314949893006044812e-01 -3.732497830906395531e-01
1.145389249875677473e+00 9.122790502680716562e-01 9.057048390155589823e-01 6.514067475825503495e-01 -3.810096963440863238e-01
1.131930004995311378e+00 6.995725764486965259e-01 1.564386762254621033e+00 -4.845895635553237879e-01 -9.971314314929525802e-01
1.047535160751841943e+00 2.465552053960019530e-01 1.538889017377526480e+00 -5.543967450932435481e-01 -1.229335731227884310e+00
1.093432158430586387e+00 4.433564154675004865e-01 1.594158497974425215e+00 -7.215966694025519601e-01 -9.253448197579045020e-01
1.071989116947767995e+00 3.686594689206573183e-01 9.741643065202626461e-01 -1.280518110816621036e+00 -9.965289807352882834e-01
1.082813766123782662e+00 3.209362602274706266e-01 9.140041195079156022e-01 -8.257677130781321262e-01 -6.542986348788629725e-01
1.070991254988179708e+00 4.510125557490022308e-01 3.867154799311663393e-01 -8.806872112477081016e-01 -1.377673871730974886e+00
1.063197168136736037e+00 6.569827924213500481e-01 1.130115494384268393e+00 -4.809606652450430508e-01 -1.403563766459833273e+00
1.020712982199745600e+00 7.507598894667349976e-01 9.954475231714110528e-01 3.397237360060390565e-01 -9.823892191760602577e-01
9.822235067673052988e-01 6.682587836475208931e-01 1.587670419350062145e+00 8.459238372581866505e-01 -2.163241748296399258e+00
1.014721368107975863e+00 1.218922720943444588e-01 1.904670182988292604e+00 9.830192827248148690e-01 -1.152652166968836323e+00
1.122560666522061767e+00 6.458743741000464444e-01 5.406814960354187072e-01 -5.625296258032273095e-02 -8.627175244070673932e-01
