-1.366621039358245637e+00 -9.012589656460030518e-01 8.865812024915212808e-01 1.521051634711904077e-01 1.229193639041536779e+00
-1.149494022954430594e+00 -1.024260390512910845e+00 9.538560325850652388e-01 -8.849077937726285148e-02 1.308389160259538997e+00
-1.212507737058358570e+00 -9.231067673147533847e-01 1.328567835063233282e+00 -1.382073309551194451e-01 9.452540002649975071e-01
-1.344713056844295096e+00 -8.568063342857631381e-01 8.898036541249477738e-01 2.120045302837845341e-02 1.290515283976732430e+00
-1.273618887505425290e+00 -9.054194528104251294e-01 1.184246738606834048e+00 -7.743680110261662308e-02 1.072228402811632453e+00
-1.139110893703515481e+00 -9.420617045138157675e-01 9.674948882772393954e-01 -2.364961111959520690e-01 1.350173821136044117e+00
-1.706927433141355754e+00 -4.490963811632150970e-01 9.376559443157399532e-01 2.463462473196338098e-01 9.720216226691974493e-01
-1.750583810479045654e+00 -4.299689580237945341e-01 9.928842658889007744e-01 4.213732178468903578e-01 7.662952847670487788e-01
-1.755169797403371978e+00 -3.949195952429136458e-01 7.126045621925175544e-01 3.852525993207305821e-01 1.052232231133037432e+00
-1.734752478288345223e+00 -4.048051663440533909e-01 7.703044238332361626e-01 2.999380872655302843e-01 1.069315133533632389e+00
-1.752966178166445177e+00 -4.876065048448702255e-01 8.395713154829655966e-01 7.396610268905182695e-01 6.613403406378315363e-01
-1.802999445753710628e+00 -3.829680773690641304e-01 7.923418560882647954e-01 6.542300699269936182e-01 7.393955971075154565e-01
-1.706247824265582747e+00 -5.826451524732964016e-01 7.631026889365595256e-01 8.009692390984390897e-01 7.248210487038805327e-01
-1.572269233721786064e+00 -7.449838432654476428e-01 9.703924333011412218e-01 9.227195701089752067e-01 4.241410735771171669e-01
-1.559232121092513079e+00 -7.204141706246612875e-01 1.097302896748042711e+00 8.620563743226189457e-01 3.202870206465121550e-01
-1.543974813557396519e+00 -7.999090897504846920e-01 9.660704283664514058e-01 9.054825496078586777e-01 4.723309253335715163e-01
-1.621487059396686581e+00 -6.605210660626296137e-01 8.877037334125081891e-01 4.018291945982210289e-01 9.924751974485876982e-01
-1.515039521240367559e+00 -7.939615371895394347e-01 8.526534594290671176e-01 3.494996387043148300e-01 1.106847960296525102e+00
-1.730378311064251218e+00 -4.749521418362807612e-01 9.413579516703879380e-01 4.137623650554269616e-01 8.502101361747167463e-01
-1.617225001812365059e+00 -5.444706408750329407e-01 8.550886459832229836e-01 1.516325402876649298e-01 1.154974456416510975e+00
9.022519305661953481e-01 -1.819187611013489692e+00 2.352483766276668442e-01 -2.017461106752425626e-01 8.834334144948696732e-01
3.586980801987539880e-01 -1.971521887406989526e+00 3.817998441243761198e-01 4.143205118915417873e-01 8.167034511923179085e-01
1.013032557964287816e+00 -1.649120998047493458e+00 3.418578065599572890e-01 -5.924833506065101396e-01 8.867139841297577707e-01
6.275282288352574955e-01 -1.871449308253241073e+00 -4.880969771566323612e-02 2.817237898784843986e-01 1.011006987255162359e+00
4.498033540343690517e-01 -1.997769693133356173e+00 5.823526682248334474e-01 5.078436585100655210e-01 4.577700123640882635e-01
8.929306655656994440e-01 -1.727755274972473609e+00 -8.271392764701542000e-02 -1.696241030887637724e-01 1.087162640142552927e+00
7.797083256546438745e-01 -1.612080871440684460e+00 -3.161498598070562327e-01 -1.446781544892990767e-01 1.293200560082396144e+00
4.651700002172943771e-01 -1.792776219675959792e+00 -1.918862579416252129e-02 9.795241391465385472e-02 1.248842431338173631e+00
9.200018808328255249e-01 -1.546683931346911178e+00 -5.003256849300260489e-01 -9.829910405322853095e-02 1.225306839497340317e+00
5.669405984194740844e-01 -1.728168688410795184e+00 1.507392310182291938e-02 -1.462800712300072192e-01 1.292434238119504863e+00
6.190403435517619624e-01 -1.784090448439543897e+00 3.321545908267106162e-01 -2.823462698340750698e-01 1.115241783895146277e+00
1.040130154401288420e+00 -1.520247032738124560e+00 7.329700817914606148e-01 -8.467618394139274640e-01 5.939086359593034325e-01
6.724739747076311502e-01 -1.786351303506661159e+00 2.956367236989177472e-01 -2.744613887949665099e-01 1.092701993895078605e+00
4.758683701666512333e-01 -1.878134509226084825e+00 8.939974866367468298e-01 -1.444632414546057064e-01 6.527318938772923573e-01
6.096472140155066999e-01 -1.741073245817819526e+00 1.062175954049815241e+00 -4.482717840292944622e-01 5.175218617817920475e-01
5.143195082468320356e-01 -1.838417003040877074e+00 5.730524680541022597e-01 -2.349178682925775197e-01 9.859628950325204366e-01
2.888413974343028157e-01 -1.967614804441785381e+00 8.246672264741928826e-01 4.379597450355111055e-01 4.161464354977781888e-01
1.356013920603721667e-01 -1.928036726413219437e+00 8.927048263698367236e-01 6.267935495682750435e-01 2.729369584147354755e-01
2.362300891560583926e-01 -1.894576096723429082e+00 5.272017346494844992e-01 9.808341648452274797e-02 1.033060856433363428e+00
4.855649865104358365e-01 -1.802859617308151252e+00 1.024594123694783310e+00 -3.126126711034508121e-01 6.053131782063827515e-01
4.555702328086929098e-01 -1.915498166915424960e+00 4.496751571326109143e-01 5.191040692414151253e-02 9.583423700499794640e-01
-5.498216354855418181e-02 -1.899964299616663022e+00 4.856476980558757095e-01 5.451243120879988302e-01 9.241744530213426012e-01
2.928668626013278820e-01 -1.903730931176565555e+00 3.412752573977986814e-01 2.060515535047133251e-01 1.063537257672725334e+00
1.131696686520354961e-01 -1.741664911461720200e+00 1.988680658444066385e-01 4.685755620630834006e-02 1.382769620758969475e+00
1.965185157154892004e-01 -1.818252528749119135e+00 2.251487450771699761e-01 1.373019692020324978e-01 1.259283298754427571e+00
1.458014560526469938e-01 -1.859873104845891856e+00 9.237839170327564187e-01 -2.554598093679028709e-02 8.158337126972784459e-01
7.945353116745683397e-02 -1.855546917304049970e+00 6.089746399527429244e-01 8.421000735887232413e-02 1.082908738824978068e+00
5.002599723922505071e-01 -1.688818885727914498e+00 8.523813708748232409e-01 -5.784261515235998852e-01 9.146036939844406355e-01
5.061751998438170919e-01 -1.626598953441435569e+00 1.246860519484604302e+00 -5.805713711405756650e-01 4.541346052535899513e-01
3.184094194362686592e-01 -1.821138888478612383e+00 1.212310881454397249e+00 -4.213989780304910893e-02 3.325584853909958061e-01
3.874980945747221184e-01 -1.521902486994744175e+00 1.511727422817283673e+00 -4.862786444505444727e-01 1.089556140532826622e-01
3.534616413747239672e-01 -1.567444658781496081e+00 1.503495561833948946e+00 -3.853539120495970693e-01 9.584136762242038976e-02
3.661026493577770879e-01 -1.525460460842466004e+00 1.493321159590156988e+00 -5.227662914274249228e-01 1.888029433219572950e-01
4.994924386763585633e-01 -1.501746072994432080e+00 1.386299609909292574e+00 -6.918698502606968059e-01 3.078238746694776373e-01
4.494433757332577106e-01 -1.625762122879850891e+00 1.301965188498176662e+00 -5.381606301258812231e-01 4.125141887742975189e-01
6.320297046143708020e-01 -1.619957365117561165e+00 1.298140588183275934e+00 -5.036689193252057439e-01 1.934559916451202288e-01
4.329364319154032081e-01 -1.548523011046514464e+00 1.500782175383807315e+00 -4.024877318342416910e-01 1.729213558154603370e-02
2.644345406845335367e-01 -1.722303186024745081e+00 1.393265772613506703e+00 -6.886632130525550954e-02 1.334691940319607528e-01
1.983204957796914081e-01 -1.518543571978800966e+00 1.548203657598969274e+00 2.264302307180852958e-01 -4.544108121179450954e-01
1.317613757899824267e-01 -1.704158824200174394e+00 1.430128296473294425e+00 1.785925714377983586e-01 -3.632341950090049038e-02
5.143442134725147996e-01 -1.767478336777083658e+00 1.214335310307812055e+00 -2.414716720880613621e-01 2.802704850848182216e-01
1.430901187397424223e+00 5.936527856816072868e-01 -9.745328334926323111e-01 -1.266330919444000225e+00 2.163097798576012198e-01
1.416655516755485733e+00 6.858742422600614397e-01 -1.221171256657364701e+00 -1.007692490762073678e+00 1.263339884038913452e-01
1.317398151491119052e+00 7.747182091628832534e-01 -1.070583939299088794e+00 -1.216584739696944029e+00 1.950523183420304896e-01
1.471573997407424228e+00 6.436121462060444554e-01 -1.209060825958636176e+00 -9.764524509016733189e-01 7.032713324684083944e-02
1.365149919039930770e+00 7.112191769762109539e-01 -1.195375231767787261e+00 -1.078280571652911135e+00 1.972867074045570879e-01
1.589264859646852157e+00 5.705190810256827172e-01 -1.137836570072197517e+00 -9.183340354480126200e-01 -1.036133351523247370e-01
1.449802230028264249e+00 2.978432518107947957e-01 -1.224031693331136150e+00 -1.027973849009563567e+00 5.043600605016406169e-01
1.069855409162458804e+00 7.260273571881166177e-01 -1.116848106655603745e+00 -1.301390489943589079e+00 6.223558302486174032e-01
1.038341192445792149e+00 6.120132440843604194e-01 -1.388469204742896368e+00 -1.021209061207075885e+00 7.593238294198193516e-01
1.088631288632013749e+00 9.867250782158428768e-01 -1.169815355675164259e+00 -1.181737346258848298e+00 2.761963350861559863e-01
9.588286570029570521e-01 9.830686759165860877e-01 -9.472318164496597026e-01 -1.425313287669650153e+00 4.306477711997669933e-01
9.784454525216131904e-01 9.935100713878100009e-01 -1.107031598085696622e+00 -1.285695980224648816e+00 4.207720544009217467e-01
1.059458683734138651e+00 8.318666917699186758e-01 -9.278991625185711856e-01 -1.446195665911951478e+00 4.827694529264651702e-01
1.167869099527395926e+00 8.622615651294350814e-01 -7.489138945323948748e-01 -1.509790912562017473e+00 2.285741424375817010e-01
1.248259572678065421e+00 6.483159096918144071e-01 -7.748914236020052471e-01 -1.507412216490820578e+00 3.857281577229461078e-01
1.191734456667154163e+00 7.396073351209510038e-01 -6.426070734763772441e-01 -1.590249893262147385e+00 3.015151749504195733e-01
1.260201383767493910e+00 6.712155620566528924e-01 -9.114426716101704518e-01 -1.407333401918519966e+00 3.873591277045440595e-01
1.241880588172074917e+00 7.980382069018933100e-01 -9.602974647433725197e-01 -1.350953468807554625e+00 2.713321384769586953e-01
1.244494264387569160e+00 7.425462065019781122e-01 -9.935649879877224144e-01 -1.339112659227259750e+00 3.456371763254352247e-01
1.379288578332161563e+00 6.836753545562873624e-01 -9.773446988961200788e-01 -1.279580886179276122e+00 1.939616521869472476e-01
